10
0 22 43 12 38 29 50 17 41 31
22 0 35 48 19 26 10 29 46 33
43 35 0 27 11 50 16 14 28 40
12 48 27 0 43 16 21 39 22 30
38 19 11 43 0 28 10 47 34 15
29 26 50 16 28 0 33 23 31 48
50 10 16 21 10 33 0 44 15 29
17 29 14 39 47 23 44 0 12 25
41 46 28 22 34 31 15 12 0 19
31 33 40 30 15 48 29 25 19 0
